34,45	0.774370943639
36,37	0.710204102627
36,38	0.647729093979
25,33	0.625670568101
8,9	0.601037409124
33,42	0.59921464643
41,42	0.581322222266
44,45	0.578471390064
36,41	0.575956971732
42,44	0.575571162002
38,39	0.562648440211
37,38	0.558347931389
35,42	0.553399933389
35,36	0.551484603178
26,27	0.537427372765
25,27	0.537030325415
27,44	0.523055662606
27,36	0.509423751062
27,28	0.506802034982
9,27	0.505772857907
27,33	0.501432785814
22,35	0.49908852808
9,26	0.495338331285
27,29	0.49364064895
9,11	0.49305862174
37,39	0.489010655119
8,27	0.482334641475
7,14	0.481794782939
33,44	0.481393705471
27,30	0.479868837986
36,42	0.476967425934
33,36	0.473249156787
9,33	0.47125275948
27,32	0.466498561534
19,36	0.465217225954
22,27	0.461468839969
21,34	0.460279400787
9,36	0.458960333116
36,44	0.454872054847
41,44	0.454844635688
22,36	0.454311929748
42,45	0.450856883222
26,33	0.439042132371
25,26	0.438489172035
9,37	0.43697916522
8,26	0.436690270982
26,29	0.4355804555
22,26	0.434534423589
2,3	0.433070656753
37,41	0.432857457686
